3 6 8 7 4 2 9 1 5
7 4 2 9 1 5 6 8 3
9 1 5 6 8 3 7 4 2
6 8 7 4 2 9 3 5 1
4 2 3 1 5 6 8 7 9
1 5 9 8 3 7 4 2 6
8 7 6 2 9 1 5 3 4
2 3 4 5 6 8 1 9 7
5 9 1 3 7 4 2 6 8

3 6 8 7 4 2 9 1 5
7 4 2 9 1 5 6 8 3
9 1 5 6 8 3 7 4 2
6 8 7 4 2 9 3 5 1
4 2 3 1 5 6 8 7 9
1 5 9 8 3 7 4 2 6
8 7 6 2 9 1 5 3 4
5 9 1 3 7 4 2 6 8
2 3 4 5 6 8 1 9 7

3 6 8 7 4 2 9 1 5
7 4 2 9 1 5 6 8 3
9 1 5 6 8 3 7 4 2
6 8 7 4 2 9 3 5 1
4 2 3 1 5 6 8 7 9
1 5 9 8 3 7 4 2 6
8 7 6 5 9 1 2 3 4
2 9 1 3 7 4 5 6 8
5 3 4 2 6 8 1 9 7
